#
#1	300.0	a68159_BHWX01000002.1	b68159_BHWX01000033.1	r	6
a68159_BHWX01000002.1	BHWX01000002.1||5981955||6020919||CDS:NP_001239601.1||1||CDS||4395421484||1837||98.65	5981955	6020919	b68159_BHWX01000033.1	BHWX01000033.1||101725||131454||CDS:XP_037877252.1||-1||CDS||4395916757||27422||98.65	131454	101725	1.000000e-250	50
a68159_BHWX01000002.1	BHWX01000002.1||6028108||6077436||CDS:XP_021208388.1||-1||CDS||4395423130||1840||98.27	6077436	6028108	b68159_BHWX01000033.1	BHWX01000033.1||49663||94236||CDS:XP_037877245.1||1||CDS||4395916711||27419||98.27	49663	94236	1.000000e-250	100
a68159_BHWX01000002.1	BHWX01000002.1||6100849||6101889||CDS:XP_004933306.1||-1||CDS||4395422152||1843||98.17	6101889	6100849	b68159_BHWX01000033.1	BHWX01000033.1||25520||26560||CDS:XP_037877248.1||1||CDS||4395916733||27415||98.17	25520	26560	1.000000e-250	150
a68159_BHWX01000002.1	BHWX01000002.1||6107351||6108082||CDS:NP_001124358.1||-1||CDS||4395421402||1845||99.06	6108082	6107351	b68159_BHWX01000033.1	BHWX01000033.1||21821||22552||CDS:XP_037877244.1||1||CDS||4395916705||27414||99.06	21821	22552	1.700000e-102	200
a68159_BHWX01000002.1	BHWX01000002.1||6112467||6113331||CDS:NP_001124359.1||1||CDS||4395421409||1846||99.56	6112467	6113331	b68159_BHWX01000033.1	BHWX01000033.1||16561||17423||CDS:XP_037877253.1||-1||CDS||4395916763||27413||99.56	17423	16561	5.800000e-110	250
a68159_BHWX01000002.1	BHWX01000002.1||6114044||6181025||CDS:XP_037871169.1||1||CDS||4395423495||1847||99.79	6114044	6181025	b68159_BHWX01000033.1	BHWX01000033.1||1687||15832||CDS:XP_037877254.1||-1||CDS||4395916770||27412||99.79	15832	1687	2.700000e-211	300
#1	350.0	a68159_BHWX01000006.1	b68159_BHWX01000029.1	f	7
a68159_BHWX01000006.1	BHWX01000006.1||15139403||15147825||CDS:XP_037867712.1||-1||CDS||4395521899||6367||99.04	15147825	15139403	b68159_BHWX01000029.1	BHWX01000029.1||146024||158424||CDS:XP_037877203.1||-1||CDS||4395915598||27350||99.04	158424	146024	1.000000e-250	50
a68159_BHWX01000006.1	BHWX01000006.1||15178476||15182702||CDS:XP_037867713.1||-1||CDS||4395521904||6370||100.0	15182702	15178476	b68159_BHWX01000029.1	BHWX01000029.1||168841||171820||CDS:XP_004926850.1||-1||CDS||4395915469||27351||100.0	171820	168841	1.100000e-175	100
a68159_BHWX01000006.1	BHWX01000006.1||15184300||15195435||CDS:XP_037867743.1||1||CDS||4395522060||6372||98.12	15184300	15195435	b68159_BHWX01000029.1	BHWX01000029.1||175855||190400||CDS:XP_021204097.1||1||CDS||4395915507||27354||98.12	175855	190400	1.000000e-250	150
a68159_BHWX01000006.1	BHWX01000006.1||15203813||15218529||CDS:XP_037867733.1||-1||CDS||4395522005||6373||98.71	15218529	15203813	b68159_BHWX01000029.1	BHWX01000029.1||197000||214494||CDS:XP_037877204.1||-1||CDS||4395915605||27356||98.71	214494	197000	1.000000e-250	200
a68159_BHWX01000006.1	BHWX01000006.1||15219417||15227697||CDS:XP_037867744.1||1||CDS||4395522068||6374||98.75	15219417	15227697	b68159_BHWX01000029.1	BHWX01000029.1||222553||228677||CDS:XP_004926849.1||1||CDS||4395915463||27358||98.75	222553	228677	1.000000e-250	250
a68159_BHWX01000006.1	BHWX01000006.1||15232701||15241401||CDS:XP_037867612.1||1||CDS||4395521400||6375||99.07	15232701	15241401	b68159_BHWX01000029.1	BHWX01000029.1||232635||242988||CDS:NP_001037618.1||1||CDS||4395915457||27359||99.07	232635	242988	1.000000e-250	300
a68159_BHWX01000006.1	BHWX01000006.1||15247828||15269690||CDS:XP_037867588.1||1||CDS||4395521270||6376||97.81	15247828	15269690	b68159_BHWX01000029.1	BHWX01000029.1||249637||268596||CDS:XP_037877194.1||1||CDS||4395915540||27362||97.81	249637	268596	1.000000e-250	350
#1	250.0	a68159_BHWX01000015.1	b68159_BHWX01000058.1	f	5
a68159_BHWX01000015.1	BHWX01000015.1||13633210||13650962||CDS:XP_037871852.1||1||CDS||4395695557||15819||100.0	13633210	13650962	b68159_BHWX01000058.1	BHWX01000058.1||2109||3680||CDS:XP_037877311.1||1||CDS||4395918255||27483||100.0	2109	3680	1.000000e-250	50
a68159_BHWX01000015.1	BHWX01000015.1||13652307||13657722||CDS:XP_004923018.1||-1||CDS||4395689712||15822||100.0	13657722	13652307	b68159_BHWX01000058.1	BHWX01000058.1||5025||10440||CDS:XP_037877312.1||-1||CDS||4395918260||27484||100.0	10440	5025	1.000000e-250	100
a68159_BHWX01000015.1	BHWX01000015.1||13659080||13663633||CDS:XP_037871854.1||1||CDS||4395695567||15824||99.77	13659080	13663633	b68159_BHWX01000058.1	BHWX01000058.1||15065||19603||CDS:XP_037877315.1||1||CDS||4395918273||27486||99.77	15065	19603	1.000000e-250	150
a68159_BHWX01000015.1	BHWX01000015.1||13675045||13677149||CDS:XP_037871984.1||-1||CDS||4395696075||15825||99.39	13677149	13675045	b68159_BHWX01000058.1	BHWX01000058.1||26807||28903||CDS:XP_037877319.1||-1||CDS||4395918292||27489||99.39	28903	26807	1.000000e-250	200
a68159_BHWX01000015.1	BHWX01000015.1||13683095||13685485||CDS:XP_037871723.1||1||CDS||4395694982||15829||99.37	13683095	13685485	b68159_BHWX01000058.1	BHWX01000058.1||33342||35732||CDS:XP_037877318.1||1||CDS||4395918287||27494||99.37	33342	35732	1.000000e-250	250
#1	600.0	a68159_BHWX01000017.1	b68159_BHWX01000035.1	r	12
a68159_BHWX01000017.1	BHWX01000017.1||2921824||2972828||CDS:XP_004922044.1||-1||CDS||4395727676||17242||100.0	2972828	2921824	b68159_BHWX01000035.1	BHWX01000035.1||118322||119503||CDS:XP_037877269.1||1||CDS||4395917172||27446||100.0	118322	119503	1.000000e-250	50
a68159_BHWX01000017.1	BHWX01000017.1||2979305||3017250||CDS:XP_037872791.1||1||CDS||4395731469||17243||99.04	2979305	3017250	b68159_BHWX01000035.1	BHWX01000035.1||72262||111840||CDS:XP_037877265.1||-1||CDS||4395917142||27443||99.04	111840	72262	1.000000e-250	100
a68159_BHWX01000017.1	BHWX01000017.1||3020046||3022028||CDS:XP_004921977.2||-1||CDS||4395727513||17248||98.41	3022028	3020046	b68159_BHWX01000035.1	BHWX01000035.1||67805||69789||CDS:XP_037877272.1||1||CDS||4395917193||27442||98.41	67805	69789	1.000000e-250	150
a68159_BHWX01000017.1	BHWX01000017.1||3023203||3026012||CDS:XP_004921975.2||-1||CDS||4395727508||17249||98.86	3026012	3023203	b68159_BHWX01000035.1	BHWX01000035.1||62484||65294||CDS:XP_037877267.1||1||CDS||4395917159||27441||98.86	62484	65294	1.000000e-250	200
a68159_BHWX01000017.1	BHWX01000017.1||3027523||3029439||CDS:XP_004921974.1||1||CDS||4395727503||17250||99.72	3027523	3029439	b68159_BHWX01000035.1	BHWX01000035.1||59023||60944||CDS:XP_037877268.1||-1||CDS||4395917166||27440||99.72	60944	59023	1.000000e-250	250
a68159_BHWX01000017.1	BHWX01000017.1||3041070||3050733||CDS:XP_004921973.2||-1||CDS||4395727497||17251||97.95	3050733	3041070	b68159_BHWX01000035.1	BHWX01000035.1||49519||52954||CDS:XP_037877274.1||1||CDS||4395917207||27439||97.95	49519	52954	1.000000e-250	300
a68159_BHWX01000017.1	BHWX01000017.1||3057055||3062750||CDS:XP_004921971.2||-1||CDS||4395727491||17252||97.87	3062750	3057055	b68159_BHWX01000035.1	BHWX01000035.1||34341||42915||CDS:XP_037877264.1||1||CDS||4395917135||27437||97.87	34341	42915	1.000000e-250	350
a68159_BHWX01000017.1	BHWX01000017.1||3067312||3067863||CDS:XP_004921970.1||1||CDS||4395727485||17253||99.14	3067312	3067863	b68159_BHWX01000035.1	BHWX01000035.1||24989||25540||CDS:XP_037877273.1||-1||CDS||4395917200||27436||99.14	25540	24989	5.900000e-172	400
a68159_BHWX01000017.1	BHWX01000017.1||3071489||3072835||CDS:XP_037872845.1||-1||CDS||4395731628||17254||98.89	3072835	3071489	b68159_BHWX01000035.1	BHWX01000035.1||22596||23942||CDS:XP_004921969.2||1||CDS||4395917115||27435||98.89	22596	23942	1.000000e-250	450
a68159_BHWX01000017.1	BHWX01000017.1||3090758||3091940||CDS:NP_001040152.1||-1||CDS||4395727057||17255||99.78	3091940	3090758	b68159_BHWX01000035.1	BHWX01000035.1||16995||18177||CDS:XP_037877271.1||1||CDS||4395917186||27434||99.78	16995	18177	6.000000e-236	500
a68159_BHWX01000017.1	BHWX01000017.1||3094854||3097315||CDS:XP_004921968.1||1||CDS||4395727480||17256||99.59	3094854	3097315	b68159_BHWX01000035.1	BHWX01000035.1||10303||14076||CDS:XP_037877276.1||-1||CDS||4395917219||27433||99.59	14076	10303	1.800000e-250	550
a68159_BHWX01000017.1	BHWX01000017.1||3098650||3100172||CDS:XP_037872744.1||1||CDS||4395731335||17258||100.0	3098650	3100172	b68159_BHWX01000035.1	BHWX01000035.1||7445||8967||CDS:XP_037877275.1||-1||CDS||4395917213||27432||100.0	8967	7445	1.000000e-250	600
#1	350.0	b68159_BHWX01000029.1	a68159_BHWX01000006.1	f	7
a68159_BHWX01000029.1	BHWX01000029.1||146024||158424||CDS:XP_037877203.1||-1||CDS||4395915598||27350||99.04	158424	146024	b68159_BHWX01000006.1	BHWX01000006.1||15139403||15147825||CDS:XP_037867712.1||-1||CDS||4395521899||6367||99.04	15147825	15139403	1.000000e-250	50
a68159_BHWX01000029.1	BHWX01000029.1||168841||171820||CDS:XP_004926850.1||-1||CDS||4395915469||27351||100.0	171820	168841	b68159_BHWX01000006.1	BHWX01000006.1||15178476||15182702||CDS:XP_037867713.1||-1||CDS||4395521904||6370||100.0	15182702	15178476	1.100000e-175	100
a68159_BHWX01000029.1	BHWX01000029.1||175855||190400||CDS:XP_021204097.1||1||CDS||4395915507||27354||98.12	175855	190400	b68159_BHWX01000006.1	BHWX01000006.1||15184300||15195435||CDS:XP_037867743.1||1||CDS||4395522060||6372||98.12	15184300	15195435	1.000000e-250	150
a68159_BHWX01000029.1	BHWX01000029.1||197000||214494||CDS:XP_037877204.1||-1||CDS||4395915605||27356||98.71	214494	197000	b68159_BHWX01000006.1	BHWX01000006.1||15203813||15218529||CDS:XP_037867733.1||-1||CDS||4395522005||6373||98.71	15218529	15203813	1.000000e-250	200
a68159_BHWX01000029.1	BHWX01000029.1||222553||228677||CDS:XP_004926849.1||1||CDS||4395915463||27358||98.75	222553	228677	b68159_BHWX01000006.1	BHWX01000006.1||15219417||15227697||CDS:XP_037867744.1||1||CDS||4395522068||6374||98.75	15219417	15227697	1.000000e-250	250
a68159_BHWX01000029.1	BHWX01000029.1||232635||242988||CDS:NP_001037618.1||1||CDS||4395915457||27359||99.07	232635	242988	b68159_BHWX01000006.1	BHWX01000006.1||15232701||15241401||CDS:XP_037867612.1||1||CDS||4395521400||6375||99.07	15232701	15241401	1.000000e-250	300
a68159_BHWX01000029.1	BHWX01000029.1||249637||268596||CDS:XP_037877194.1||1||CDS||4395915540||27362||97.81	249637	268596	b68159_BHWX01000006.1	BHWX01000006.1||15247828||15269690||CDS:XP_037867588.1||1||CDS||4395521270||6376||97.81	15247828	15269690	1.000000e-250	350
#1	300.0	b68159_BHWX01000033.1	a68159_BHWX01000002.1	r	6
a68159_BHWX01000033.1	BHWX01000033.1||1687||15832||CDS:XP_037877254.1||-1||CDS||4395916770||27412||99.79	15832	1687	b68159_BHWX01000002.1	BHWX01000002.1||6114044||6181025||CDS:XP_037871169.1||1||CDS||4395423495||1847||99.79	6114044	6181025	1.100000e-236	50
a68159_BHWX01000033.1	BHWX01000033.1||16561||17423||CDS:XP_037877253.1||-1||CDS||4395916763||27413||99.56	17423	16561	b68159_BHWX01000002.1	BHWX01000002.1||6112467||6113331||CDS:NP_001124359.1||1||CDS||4395421409||1846||99.56	6112467	6113331	5.800000e-110	100
a68159_BHWX01000033.1	BHWX01000033.1||21821||22552||CDS:XP_037877244.1||1||CDS||4395916705||27414||99.06	21821	22552	b68159_BHWX01000002.1	BHWX01000002.1||6107351||6108082||CDS:NP_001124358.1||-1||CDS||4395421402||1845||99.06	6108082	6107351	1.700000e-102	150
a68159_BHWX01000033.1	BHWX01000033.1||25520||26560||CDS:XP_037877248.1||1||CDS||4395916733||27415||98.17	25520	26560	b68159_BHWX01000002.1	BHWX01000002.1||6100849||6101889||CDS:XP_004933306.1||-1||CDS||4395422152||1843||98.17	6101889	6100849	1.000000e-250	200
a68159_BHWX01000033.1	BHWX01000033.1||49663||94236||CDS:XP_037877245.1||1||CDS||4395916711||27419||98.27	49663	94236	b68159_BHWX01000002.1	BHWX01000002.1||6028108||6077436||CDS:XP_021208388.1||-1||CDS||4395423130||1840||98.27	6077436	6028108	1.000000e-250	250
a68159_BHWX01000033.1	BHWX01000033.1||101725||131454||CDS:XP_037877252.1||-1||CDS||4395916757||27422||98.65	131454	101725	b68159_BHWX01000002.1	BHWX01000002.1||5981955||6020919||CDS:NP_001239601.1||1||CDS||4395421484||1837||98.65	5981955	6020919	1.000000e-250	300
#1	600.0	b68159_BHWX01000035.1	a68159_BHWX01000017.1	r	12
a68159_BHWX01000035.1	BHWX01000035.1||7445||8967||CDS:XP_037877275.1||-1||CDS||4395917213||27432||100.0	8967	7445	b68159_BHWX01000017.1	BHWX01000017.1||3098650||3100172||CDS:XP_037872744.1||1||CDS||4395731335||17258||100.0	3098650	3100172	1.000000e-250	50
a68159_BHWX01000035.1	BHWX01000035.1||10303||14076||CDS:XP_037877276.1||-1||CDS||4395917219||27433||99.59	14076	10303	b68159_BHWX01000017.1	BHWX01000017.1||3094854||3097315||CDS:XP_004921968.1||1||CDS||4395727480||17256||99.59	3094854	3097315	1.800000e-250	100
a68159_BHWX01000035.1	BHWX01000035.1||16995||18177||CDS:XP_037877271.1||1||CDS||4395917186||27434||99.78	16995	18177	b68159_BHWX01000017.1	BHWX01000017.1||3090758||3091940||CDS:NP_001040152.1||-1||CDS||4395727057||17255||99.78	3091940	3090758	6.000000e-236	150
a68159_BHWX01000035.1	BHWX01000035.1||22596||23942||CDS:XP_004921969.2||1||CDS||4395917115||27435||98.89	22596	23942	b68159_BHWX01000017.1	BHWX01000017.1||3071489||3072835||CDS:XP_037872845.1||-1||CDS||4395731628||17254||98.89	3072835	3071489	1.000000e-250	200
a68159_BHWX01000035.1	BHWX01000035.1||24989||25540||CDS:XP_037877273.1||-1||CDS||4395917200||27436||99.14	25540	24989	b68159_BHWX01000017.1	BHWX01000017.1||3067312||3067863||CDS:XP_004921970.1||1||CDS||4395727485||17253||99.14	3067312	3067863	5.900000e-172	250
a68159_BHWX01000035.1	BHWX01000035.1||34341||42915||CDS:XP_037877264.1||1||CDS||4395917135||27437||97.87	34341	42915	b68159_BHWX01000017.1	BHWX01000017.1||3057055||3062750||CDS:XP_004921971.2||-1||CDS||4395727491||17252||97.87	3062750	3057055	1.000000e-250	300
a68159_BHWX01000035.1	BHWX01000035.1||49519||52954||CDS:XP_037877274.1||1||CDS||4395917207||27439||97.95	49519	52954	b68159_BHWX01000017.1	BHWX01000017.1||3041070||3050733||CDS:XP_004921973.2||-1||CDS||4395727497||17251||97.95	3050733	3041070	1.000000e-250	350
a68159_BHWX01000035.1	BHWX01000035.1||59023||60944||CDS:XP_037877268.1||-1||CDS||4395917166||27440||99.72	60944	59023	b68159_BHWX01000017.1	BHWX01000017.1||3027523||3029439||CDS:XP_004921974.1||1||CDS||4395727503||17250||99.72	3027523	3029439	1.000000e-250	400
a68159_BHWX01000035.1	BHWX01000035.1||62484||65294||CDS:XP_037877267.1||1||CDS||4395917159||27441||98.86	62484	65294	b68159_BHWX01000017.1	BHWX01000017.1||3023203||3026012||CDS:XP_004921975.2||-1||CDS||4395727508||17249||98.86	3026012	3023203	1.000000e-250	450
a68159_BHWX01000035.1	BHWX01000035.1||67805||69789||CDS:XP_037877272.1||1||CDS||4395917193||27442||98.41	67805	69789	b68159_BHWX01000017.1	BHWX01000017.1||3020046||3022028||CDS:XP_004921977.2||-1||CDS||4395727513||17248||98.41	3022028	3020046	1.000000e-250	500
a68159_BHWX01000035.1	BHWX01000035.1||72262||111840||CDS:XP_037877265.1||-1||CDS||4395917142||27443||99.04	111840	72262	b68159_BHWX01000017.1	BHWX01000017.1||2979305||3017250||CDS:XP_037872791.1||1||CDS||4395731469||17243||99.04	2979305	3017250	1.000000e-250	550
a68159_BHWX01000035.1	BHWX01000035.1||118322||119503||CDS:XP_037877269.1||1||CDS||4395917172||27446||100.0	118322	119503	b68159_BHWX01000017.1	BHWX01000017.1||2921824||2972828||CDS:XP_004922044.1||-1||CDS||4395727676||17242||100.0	2972828	2921824	1.000000e-250	600
#1	250.0	b68159_BHWX01000058.1	a68159_BHWX01000015.1	f	5
a68159_BHWX01000058.1	BHWX01000058.1||2109||3680||CDS:XP_037877311.1||1||CDS||4395918255||27483||100.0	2109	3680	b68159_BHWX01000015.1	BHWX01000015.1||13633210||13650962||CDS:XP_037871852.1||1||CDS||4395695557||15819||100.0	13633210	13650962	1.000000e-250	50
a68159_BHWX01000058.1	BHWX01000058.1||5025||10440||CDS:XP_037877312.1||-1||CDS||4395918260||27484||100.0	10440	5025	b68159_BHWX01000015.1	BHWX01000015.1||13652307||13657722||CDS:XP_004923018.1||-1||CDS||4395689712||15822||100.0	13657722	13652307	1.000000e-250	100
a68159_BHWX01000058.1	BHWX01000058.1||15065||19603||CDS:XP_037877315.1||1||CDS||4395918273||27486||99.77	15065	19603	b68159_BHWX01000015.1	BHWX01000015.1||13659080||13663633||CDS:XP_037871854.1||1||CDS||4395695567||15824||99.77	13659080	13663633	1.000000e-250	150
a68159_BHWX01000058.1	BHWX01000058.1||26807||28903||CDS:XP_037877319.1||-1||CDS||4395918292||27489||99.39	28903	26807	b68159_BHWX01000015.1	BHWX01000015.1||13675045||13677149||CDS:XP_037871984.1||-1||CDS||4395696075||15825||99.39	13677149	13675045	1.000000e-250	200
a68159_BHWX01000058.1	BHWX01000058.1||33342||35732||CDS:XP_037877318.1||1||CDS||4395918287||27494||99.37	33342	35732	b68159_BHWX01000015.1	BHWX01000015.1||13683095||13685485||CDS:XP_037871723.1||1||CDS||4395694982||15829||99.37	13683095	13685485	1.000000e-250	250
